0 0 0
0 1 1
0 2 3
0 3 5
1 0 10
1 1 11
1 2 15
1 3 22
2 0 23
2 1 27
2 2 34
2 3 35
3 0 40
3 1 45
3 2 47
3 3 49
4 0 53
4 1 54
4 2 56
4 3 57
5 0 58
5 1 60
5 2 63
5 3 64
6 0 67
6 1 68
6 2 72
6 3 73
7 0 75
7 1 79
7 2 80
7 3 81
8 0 83
8 1 86
8 2 89
8 3 92
9 0 93
9 1 98
9 2 99
9 3 101
10 0 102
10 1 103
10 2 104
10 3 105
11 0 106
11 1 108
11 2 114
11 3 116
12 0 118
12 1 119
12 2 123
12 3 125
13 0 126
13 1 127
13 2 130
13 3 132
14 0 137
14 1 139
14 2 142
14 3 145
15 0 148
15 1 149
15 2 152
15 3 153
16 0 156
16 1 162
16 2 164
16 3 165
17 0 167
17 1 168
17 2 170
17 3 171
18 0 173
18 1 175
18 2 180
18 3 182
19 0 186
19 1 187
19 2 188
19 3 193
20 0 195
20 1 199
20 2 206
20 3 208
21 0 209
21 1 212
21 2 215
21 3 216
22 0 219
22 1 221
22 2 223
22 3 224
23 0 226
23 1 229
23 2 230
23 3 235
24 0 239
24 1 244
24 2 246
24 3 248
25 0 251
